cfg         main_s   cpu_s   Ginstr  Gcycles | speedup vs A_O: main  cycles  instr   (n)
RFAT16_O3    19.91   20.07   444.12    74.82 | 0.983 1.030 1.016 (3) cyc=[74.6, 74.8, 76.2]
A_O3         19.57   19.70   451.49    77.02 | 1.001 1.000 0.999 (3) cyc=[77.0, 77.1, 76.7]
A_O          19.58   19.71   451.23    77.04 | 1.000 1.000 1.000 (3) cyc=[77.0, 78.9, 77.0]
A2_O3        19.61   19.74   450.76    77.11 | 0.998 0.999 1.001 (3) cyc=[77.1, 77.2, 77.1]
RCHK_O3      19.56   19.69   451.93    77.19 | 1.001 0.998 0.998 (3) cyc=[76.8, 77.4, 77.2]
RTHIN16_O3   20.64   20.77   449.85    77.48 | 0.949 0.994 1.003 (3) cyc=[77.6, 77.4, 77.5]
ASIMD_O3     19.60   19.73   449.96    77.83 | 0.999 0.990 1.003 (3) cyc=[77.8, 77.6, 78.1]
B_O3         19.75   19.88   462.67    78.20 | 0.992 0.985 0.975 (3) cyc=[78.1, 78.5, 78.2]
RFAT1_O      19.67   19.80   457.33    78.33 | 0.995 0.984 0.987 (3) cyc=[77.8, 78.3, 80.3]
RTHIN1_O3    20.44   20.57   460.63    78.94 | 0.958 0.976 0.980 (3) cyc=[78.9, 79.5, 78.7]
RFAT1_O3     21.88   22.01   456.59    79.33 | 0.895 0.971 0.988 (3) cyc=[79.3, 78.1, 84.7]
As_O3        22.88   23.00   505.42    85.96 | 0.856 0.896 0.893 (3) cyc=[85.8, 86.0, 86.2]
