cfg         main_s   cpu_s   Ginstr  Gcycles | speedup vs A_O: main  cycles  instr   (n)
RFAT4_O3     19.76   19.91   444.12    75.11 | 1.007 1.044 1.018 (3) cyc=[74.6, 75.6, 75.1]
RFAT64_O3    19.29   19.42   444.28    75.46 | 1.031 1.039 1.017 (3) cyc=[74.5, 75.5, 75.5]
RFAT16o2_O3   19.14   19.27   443.30    75.75 | 1.039 1.035 1.020 (3) cyc=[74.6, 75.8, 75.7]
RFAT16_O3    19.23   19.36   444.42    75.87 | 1.034 1.033 1.017 (3) cyc=[74.6, 75.9, 76.3]
RFAT16_O2    19.39   19.53   444.78    75.97 | 1.026 1.032 1.016 (3) cyc=[79.2, 76.0, 75.1]
RFAT16SIMD_O3   19.40   19.53   442.93    76.07 | 1.025 1.031 1.020 (3) cyc=[75.3, 76.3, 76.1]
RFAT16_O     19.51   19.64   443.97    76.14 | 1.020 1.030 1.018 (3) cyc=[76.1, 76.2, 75.9]
RFAT16_O3c   19.45   19.59   444.24    76.30 | 1.022 1.027 1.017 (3) cyc=[80.1, 75.9, 76.3]
RFAT16_O4    19.55   19.68   443.62    76.95 | 1.017 1.019 1.019 (3) cyc=[79.9, 77.0, 76.1]
RFAT16_raw   19.83   19.96   446.90    77.15 | 1.003 1.016 1.011 (3) cyc=[75.0, 77.2, 78.0]
A_O          19.89   20.02   451.99    78.39 | 1.000 1.000 1.000 (3) cyc=[77.2, 78.4, 79.0]
B_O3         21.06   21.19   463.76    78.92 | 0.945 0.993 0.975 (3) cyc=[78.9, 80.1, 78.5]
