cfg         main_s   cpu_s   Ginstr  Gcycles | speedup vs A_O: main  cycles  instr   (n)
A_O3         19.70   19.85   451.16    77.04 | 1.012 1.002 1.002 (3) cyc=[77.0, 77.3, 76.9]
A_O          19.94   20.07   451.98    77.23 | 1.000 1.000 1.000 (3) cyc=[81.6, 77.2, 77.2]
B_raw        19.57   19.69   454.78    77.39 | 1.019 0.998 0.994 (3) cyc=[77.4, 80.2, 77.0]
T_O          19.62   19.75   451.85    77.45 | 1.016 0.997 1.000 (3) cyc=[77.5, 76.9, 79.4]
A_O2         19.95   20.08   451.32    77.64 | 0.999 0.995 1.001 (3) cyc=[77.6, 78.4, 77.6]
T_O3         20.01   20.14   451.46    77.85 | 0.996 0.992 1.001 (3) cyc=[78.1, 77.0, 77.8]
A1_O3        19.77   19.90   462.71    78.33 | 1.008 0.986 0.977 (3) cyc=[78.1, 78.3, 83.0]
B_O4         20.86   21.04   462.63    78.58 | 0.956 0.983 0.977 (3) cyc=[78.6, 78.5, 79.7]
F2_O3        20.06   20.19   462.19    78.62 | 0.994 0.982 0.978 (3) cyc=[79.2, 78.6, 78.6]
B_O2         22.55   22.70   463.77    78.68 | 0.884 0.982 0.975 (3) cyc=[78.5, 81.9, 78.7]
A_raw        19.90   20.01   457.78    78.75 | 1.002 0.981 0.987 (3) cyc=[78.8, 80.3, 78.7]
FSIMD_O3     19.95   20.09   462.23    78.96 | 0.999 0.978 0.978 (3) cyc=[79.3, 79.0, 78.6]
B_O          20.89   21.02   462.77    79.16 | 0.955 0.976 0.977 (3) cyc=[79.8, 79.2, 78.3]
B_O3         21.74   21.89   463.96    81.80 | 0.917 0.944 0.974 (3) cyc=[83.0, 78.6, 81.8]
